   2.0000000e+00   1.5402091e+00  -1.3205427e+00  -1.9579622e+00   1.8645101e-01  -1.3850151e+00  -1.3330083e-01
   2.0000000e+00  -7.7328287e-01   1.2312747e+00   2.5510742e-01  -5.3394702e-01   2.7733553e-01  -1.0813418e+00
   2.0000000e+00  -1.0528622e+00  -7.3215433e-01  -3.7337139e-01  -1.2363421e+00   4.5189769e-01  -7.4206563e-01
   2.0000000e+00  -1.9697890e-01   3.1375622e-01   3.5568259e-01  -2.0856153e+00  -5.7143052e-01  -1.4166347e-01
   2.0000000e+00   6.3452891e-02  -1.6800702e+00   1.6795016e+00   4.0743095e-01   1.8299584e-01   1.3698576e+00
   2.0000000e+00   7.7287123e-01  -9.3113065e-01   6.3523237e-03  -1.6749680e+00   2.2955341e+00   1.6109451e+00
   2.0000000e+00   1.5893405e-01  -7.8794454e-01  -7.6464782e-01   1.0693123e+00   9.3687107e-01  -3.2377181e-02
   2.0000000e+00   1.0018394e+00   9.1673060e-01   9.0851255e-01   1.4465272e+00   7.8038727e-01  -1.8601661e-01
   2.0000000e+00   4.8118263e-01   1.0025329e+00   8.6148568e-02  -5.2608174e-01  -1.3301905e+00   3.8243313e-01
   2.0000000e+00  -1.6386141e+00  -1.8271437e+00   1.1265538e+00  -2.5585655e-01  -2.0164680e+00   1.9778710e-01
   2.0000000e+00   1.5970141e-01   4.1435467e-01   1.6380552e-01  -2.3393103e+00  -3.3480084e-01  -3.3431570e-01
   1.0000000e+00   5.9209081e-01   3.3565950e-01   9.6437530e-02   1.2652898e+00  -3.2626718e-01   1.1736734e+00
   2.0000000e+00  -4.8731878e-01   7.0730432e-01   1.5435085e+00   2.8576292e-01   1.7063209e+00   1.2559932e+00
   2.0000000e+00   1.5142919e+00   1.3326913e+00  -2.8552465e-01  -5.9943140e-01   7.4173904e-01  -5.9770598e-01
   1.0000000e+00  -5.8545074e-02   6.7074772e-01  -1.0592352e-01   6.1729849e-01  -5.5523024e-01   2.8918306e+00
   2.0000000e+00   5.3127532e-01  -2.9890755e-01   4.4229560e-01   3.3204394e-01  -5.7521203e-01  -6.1542476e-01
   2.0000000e+00  -1.3684434e+00  -1.4274857e+00  -1.4798842e+00  -2.4393047e-02  -6.2854263e-01  -6.7677939e-01
   2.0000000e+00  -1.9683438e-01  -1.6870015e-01  -2.6159015e-01  -2.0208119e-01  -5.9808973e-01   5.8045155e-02
   2.0000000e+00  -6.0889149e-01  -7.5903713e-01  -4.6442830e-01   1.3476504e-01  -2.0824725e-01  -1.1934209e-01
   2.0000000e+00   1.4281450e+00  -1.1538106e+00  -9.5630523e-01  -8.3477676e-01  -1.1500804e-01  -1.4059577e+00
   2.0000000e+00   1.4354249e+00  -1.5333141e+00  -1.1601980e-01  -3.4426711e-01  -9.3903879e-01  -4.5971165e-01
   2.0000000e+00   5.6905679e-01  -2.7849475e-01  -1.2202302e+00  -1.6925190e-01  -1.6607267e+00  -2.7207691e+00
   2.0000000e+00  -3.5227051e-01   1.7211622e-01  -1.7208831e+00   7.0152062e-01  -1.2043324e+00  -3.7910963e-01
   2.0000000e+00   1.8578018e-01  -2.0186422e+00  -3.1877088e-01  -2.3118806e+00   3.4515982e-01  -2.0430507e-02
   2.0000000e+00   2.0504357e-01  -1.3239134e+00  -4.0990379e-02  -1.7331435e+00  -7.0988218e-01  -1.8191023e-01
   2.0000000e+00  -1.4825691e+00  -7.0368615e-01  -5.0537784e-01   1.3823163e+00  -5.3087588e-01   7.3229476e-02
   2.0000000e+00   8.9250198e-01  -1.2260950e+00   1.9657203e-01   6.1412351e-01  -1.2126572e-01   4.2779557e-01
   2.0000000e+00  -7.5632672e-01   6.5050581e-01   8.5909773e-01   1.5888555e-01  -2.9409490e-01   4.1740022e-01
   2.0000000e+00  -2.2988042e+00  -3.9913381e-01   1.1249134e+00  -7.6864001e-01   8.4339619e-02   2.4218920e+00
   2.0000000e+00   1.0332885e+00   1.9760141e+00   1.8735697e-01  -5.1705956e-02   1.9592442e+00  -6.5503807e-01
   2.0000000e+00  -2.2177189e-01  -1.3087240e+00   1.4381710e+00   1.8376631e+00  -1.2226590e+00  -7.6832926e-01
   2.0000000e+00   4.9297556e-01   1.6091180e+00  -5.6880161e-02   9.4051324e-01   2.3809963e+00   1.3096400e+00
   2.0000000e+00  -3.1961476e-01   1.9524406e-01  -1.2331277e-01  -2.2727212e+00  -3.2020209e+00  -1.9720756e-01
   2.0000000e+00  -7.5615901e-01   8.4755975e-01   1.1317825e+00   9.7557537e-01   1.2021323e+00   3.5032290e-01
   2.0000000e+00   1.0851579e+00   3.9673884e-01  -1.7669038e+00  -1.0737188e-01   8.7227993e-01   2.8055092e-01
   1.0000000e+00  -2.1140430e+00   2.3857697e-01  -2.7668563e-01   6.7504370e-01  -3.0697885e-01  -9.8043608e-01
   2.0000000e+00  -2.1947408e+00   7.5551452e-01  -1.3422523e+00   3.9919766e-01  -5.9571915e-01   6.2495196e-01
   2.0000000e+00  -1.1107858e+00  -1.4926409e+00   1.3825851e+00   9.7872206e-01   1.0095533e+00  -2.3607970e-01
   2.0000000e+00  -8.1147970e-01  -1.4415544e+00   1.0296368e+00  -8.8541449e-03  -1.9508327e-01  -1.6786146e-01
   2.0000000e+00  -6.5427665e-01   6.9917619e-01   1.5346740e+00   3.0431860e-01  -1.7832354e+00   1.4242855e+00
   2.0000000e+00   1.0213708e+00   8.5306100e-01  -1.6864153e+00   1.0274426e+00   5.7364690e-01  -5.7716638e-02
   2.0000000e+00  -9.8162308e-01  -2.0069422e-01   1.3181091e-01   5.1653304e-01   5.1352144e-01   5.7580015e-01
   2.0000000e+00  -9.8348375e-01   5.8777134e-01   1.0693098e+00  -3.8035697e-01  -2.3255377e+00   1.8832025e+00
   2.0000000e+00   1.3155291e+00  -2.0727615e-01   2.8618594e-01   1.3834756e-01   4.2382240e-01   5.9588722e-01
   1.0000000e+00  -9.9747852e-01   5.8360808e-01   2.7032535e-01  -1.1534315e+00   9.4235194e-01  -8.5556302e-01
   2.0000000e+00   4.0859209e-01  -6.0280315e-01   2.7206103e-01   5.6943932e-01  -7.5649755e-02  -1.1723252e+00
   2.0000000e+00   1.6658506e-01   1.0878742e-01  -2.0459442e+00   1.1345872e+00  -6.7937014e-01   1.5481734e+00
   2.0000000e+00  -5.8570286e-01  -1.5463302e-01  -2.1718293e-01  -3.1241759e-01   6.5786220e-01   1.3856499e+00
   2.0000000e+00  -6.7741040e-02  -5.7954253e-01   9.1920127e-01   1.6247798e-01   1.0876775e+00  -2.3554790e-01
   1.0000000e+00   2.0758460e-01   9.1313664e-02  -7.2935163e-01  -1.7600512e+00   6.6329962e-01  -5.2625662e-01
   1.0000000e+00  -1.1324863e+00   3.8320080e-01   2.1590228e-01  -2.6428042e-01  -1.2166661e-01   3.0722530e-01
   2.0000000e+00   8.6486439e-01   2.0459721e+00  -2.6122330e-02   2.5899807e-01  -9.6106820e-01   1.0837254e+00
   1.0000000e+00  -2.7010692e+00   1.7744195e-01   6.9833392e-01   7.6269208e-01  -7.9447911e-01  -7.5908739e-01
   2.0000000e+00  -3.7862777e-01  -7.1133881e-01  -5.4887039e-01  -4.3611932e-01   1.5173863e+00   3.5393626e-01
   2.0000000e+00  -1.0643942e+00  -7.6160419e-01   4.5299671e-01  -5.1644382e-01   7.1974344e-01   1.8363650e-02
   2.0000000e+00  -1.1417824e+00  -1.4181786e+00  -1.0004812e+00  -6.0106867e-01   5.9006812e-01   2.8721811e+00
   2.0000000e+00  -1.1897860e+00  -2.3844449e-02  -7.1298558e-01   5.1456753e-01  -1.2000007e+00  -6.4567624e-01
   2.0000000e+00   9.0538665e-01  -7.9557787e-01  -1.5361703e-01  -1.4487656e+00  -2.4258417e-01  -3.6282326e-01
   1.0000000e+00   1.3804655e-01   7.0118774e-01   2.1756623e-01  -8.7229923e-01   3.3153101e-01   6.0402009e-01
   2.0000000e+00   1.1102597e+00  -1.7816986e+00  -4.1014224e-01   6.6651832e-01  -5.4328199e-01  -8.1579636e-01
   2.0000000e+00   1.1539256e+00  -7.0246392e-01   1.5466864e+00  -1.0357641e+00   7.5583217e-01  -1.0770291e+00
   2.0000000e+00   2.9254891e-01   1.9794130e+00   3.4916554e-01   4.4708136e-01  -2.8026144e-01  -2.4723315e+00
   2.0000000e+00  -5.3118765e-01  -6.7910051e-01   4.5461912e-01   4.1133173e-01  -8.4268552e-01   1.0179990e+00
   2.0000000e+00   7.1460600e-01  -5.2467134e-01   8.6998567e-01   6.9972030e-01  -9.1425614e-01   6.3042260e-01
   2.0000000e+00  -8.8400008e-01  -1.8367325e+00  -5.7593639e-01  -9.6913501e-01   3.9130242e-01   6.1788306e-01
   2.0000000e+00  -3.6019269e-01  -1.0898474e+00  -1.3845648e+00  -1.6413532e-01  -9.6226377e-01  -1.8204262e+00
   2.0000000e+00  -2.8215652e-01  -1.0044958e-02  -4.2247666e-01  -5.9772347e-02   8.9247808e-02  -2.0357926e-01
   1.0000000e+00   4.3372175e-01   7.8023195e-01  -4.0795339e-01   1.1775501e-01   7.1876525e-01  -1.9893373e+00
   1.0000000e+00   1.2345603e+00   9.6745993e-01   1.2120826e-01   3.2714072e-01  -1.3841385e+00   1.5314332e+00
   1.0000000e+00  -3.7288009e-01   3.2988512e-01   1.3397508e-01   1.1704992e+00   1.2898132e+00  -2.6924065e-01
   2.0000000e+00  -9.2052202e-01  -1.6704376e-01   7.3265682e-01   8.2993147e-02  -2.9318967e-01   1.6944494e-01
   2.0000000e+00   1.1372822e+00   2.1288399e+00  -2.9374391e-01  -2.4803367e-01  -2.0184272e-01   7.2358113e-02
   2.0000000e+00   4.9904999e-02  -3.2578137e-01   6.3842774e-01  -1.3442824e+00   3.0560489e-01   1.9512731e+00
   2.0000000e+00   6.3523498e-01  -4.3938418e-01   4.2337735e-01   8.6493909e-01   1.3075593e+00  -9.3689147e-01
   2.0000000e+00   2.9510751e-03  -1.6568496e-01   1.7484816e+00  -1.0420343e+00   4.3066565e-01  -1.9472543e+00
   2.0000000e+00   3.4703896e-01   1.4056010e+00  -1.0515984e-01   6.3816858e-01  -2.4845028e+00   3.0521974e-01
   1.0000000e+00  -1.2672900e-02   2.6006124e-01  -5.0789378e-01   1.4926352e+00  -1.9099029e-01  -2.5918931e-02
   1.0000000e+00  -2.2953052e-01   7.8449198e-01   9.0154113e-02   3.8226124e-02   4.2244393e-01  -1.5781954e-03
   2.0000000e+00  -7.6402046e-01  -8.5708993e-01   8.6127658e-01  -6.1814661e-01  -1.4866274e+00   1.6459969e-01
   2.0000000e+00   3.0014366e-01   1.0599436e+00  -2.2333742e-01  -9.6187193e-01   6.4084601e-02  -1.4585842e+00
   2.0000000e+00  -1.9187869e-01  -1.7955086e+00   1.4826812e+00   4.0399788e-01  -9.1040630e-01   1.1968312e+00
   1.0000000e+00   1.1741389e+00   1.3214029e-01  -8.5003614e-01  -1.0308266e-01  -1.1525612e+00  -7.9928405e-01
   2.0000000e+00   9.9042254e-01  -3.2917383e-01   6.4792899e-01  -2.9435587e-01   4.0123330e-01  -1.0078270e-01
   2.0000000e+00   2.2599347e-01  -2.2778292e+00  -1.1231560e-02  -2.2405688e-01  -1.6854664e+00   7.4941431e-01
   2.0000000e+00   1.4266484e+00   7.5044086e-01  -1.2695774e+00   1.3345644e-01   2.2992715e-01  -1.0780043e+00
   2.0000000e+00  -1.9998183e-01   7.2725515e-01  -1.3701046e+00   5.9410865e-01  -6.0925840e-01  -1.0055154e+00
   1.0000000e+00  -1.5439579e+00   3.0214873e-01  -1.9939466e-01   2.6669455e-01  -8.0644669e-02   6.7916968e-01
   2.0000000e+00  -5.1448374e-01  -5.7017270e-01  -2.2202181e+00   4.4169111e-01  -9.2887121e-01  -8.6038528e-01
   1.0000000e+00  -9.8877736e-02   2.9950100e-01   5.6712585e-01   1.1891627e+00   9.1839604e-02  -1.4078173e-01
   2.0000000e+00   4.5154269e-01   8.7126819e-01  -1.5590692e+00   1.4820376e+00  -1.9298974e-01  -9.0229431e-02
   2.0000000e+00   1.8984847e+00  -1.0270827e-01  -1.7409509e+00   1.8265709e-01   1.2676843e+00  -1.3585187e-01
   2.0000000e+00  -1.0092038e-01  -1.2865005e+00  -4.8089693e-01  -1.5666706e+00  -1.3505447e-01  -1.2386550e+00
   2.0000000e+00   4.0721160e-01  -9.1820938e-01   1.2585249e+00  -1.4448574e+00   1.8066290e+00   2.6413535e-01
   2.0000000e+00   9.8075228e-02  -3.1291934e-01  -1.6937010e-01  -7.0018474e-03   3.1100074e-01  -1.2918697e+00
   2.0000000e+00   1.8973568e-01  -3.1317020e-01  -1.3922468e+00   1.2065626e+00   5.0862973e-01   9.9374511e-01
   2.0000000e+00  -1.6044825e+00  -6.6525234e-01  -8.5136521e-01  -2.3941078e-01   5.7918844e-02  -1.5574309e+00
   2.0000000e+00  -7.1448159e-01   1.2135992e+00   4.1288384e-01   7.6643411e-01  -6.6265738e-01   3.3842828e-01
   2.0000000e+00  -1.2966326e-01  -1.3960351e-01   2.7736000e-01   4.4980612e-01   9.2329439e-01   7.3548070e-01
   2.0000000e+00  -1.0063172e+00  -1.7949589e-02   4.2557007e-02   1.2949745e+00   1.4951014e-01   2.7928264e-02
   2.0000000e+00   1.1891520e-01  -4.0617943e-01  -4.3582243e-01  -3.0224032e+00  -1.2539692e+00   7.5329848e-01
   2.0000000e+00  -1.9290309e+00   1.9358447e-01  -1.6316532e+00   7.2797730e-01  -1.0867634e+00   1.4893370e+00
   2.0000000e+00  -1.3375790e+00  -1.5296106e+00   3.1799458e-01   6.7783034e-01   6.9237303e-01  -6.3806254e-01
   2.0000000e+00   1.1879455e+00  -1.5538107e-01  -8.0292393e-02   1.0256900e+00  -7.1490509e-01  -9.3950597e-01
   2.0000000e+00   3.9853815e-01  -1.3948643e+00  -1.1896610e+00   4.9516816e-01  -4.5853638e-01   1.5298810e-02
   2.0000000e+00  -4.0134491e-02   1.2997170e+00  -1.3775480e+00   1.2496391e+00   1.1420106e+00   2.9758100e-01
   2.0000000e+00   1.2694666e+00  -1.6585073e+00  -8.7366589e-01  -5.4859249e-01  -5.3959578e-01  -3.0410533e-01
   1.0000000e+00  -1.9200332e+00   7.6837927e-01   1.2911705e-01   5.6089522e-01  -7.1683213e-01   3.0086075e-02
   2.0000000e+00  -1.3343700e+00  -4.8122529e-02  -6.6478802e-01   5.2856622e-01  -8.9807332e-01   5.6056309e-01
   2.0000000e+00   1.0276943e-01   6.6984137e-01   1.6905765e+00  -3.4612418e-01  -7.3489023e-02  -4.4819838e-01
   2.0000000e+00   1.4407202e+00  -2.7522192e-01   2.4731378e-01   3.1862021e-01   2.3774150e-01  -6.7027812e-01
   2.0000000e+00   1.6226593e+00  -2.3438661e-01  -1.1587780e+00   1.2322154e+00  -4.9392878e-01   7.9455400e-01
   2.0000000e+00  -6.5892342e-01  -7.7526020e-01   2.3933952e+00  -1.1176896e+00   5.6028422e-01   1.2029034e-02
   2.0000000e+00  -1.4212740e+00  -2.4433776e-01   5.5759713e-01   5.2717865e-02  -1.1084979e+00   9.5359190e-03
   1.0000000e+00  -1.5668736e+00   9.4118864e-02   7.8358657e-01  -3.7794928e-01   7.1205422e-01   3.1894420e-01
   1.0000000e+00   3.2344857e-02   8.3515166e-03   9.4424027e-01   1.1186903e-01  -1.1255015e+00  -4.1516827e-01
   2.0000000e+00   1.3134833e+00  -2.0906612e-01  -7.5019475e-01   1.1590519e+00   3.2109004e-01  -2.5290444e+00
   1.0000000e+00  -1.3232401e+00   6.1276824e-01  -6.7189909e-01   6.5028578e-01  -2.6427895e-01   8.4284561e-01
   1.0000000e+00   9.1290426e-01   6.0318429e-01  -6.0639704e-01   1.1548151e-01  -1.0705145e+00   1.1067399e+00
   1.0000000e+00   2.7938298e-01   4.4493961e-01  -3.9326286e-01  -1.1789314e+00  -9.1973662e-01   7.7935855e-02
   2.0000000e+00  -1.0091905e+00   4.4845054e-01   2.1472031e+00  -1.1975156e-01   1.6483192e+00   1.9898808e+00
   2.0000000e+00   1.0815830e-01  -1.5114781e+00   2.0792283e+00  -1.4533426e+00  -1.7975459e+00   1.1577716e+00
   2.0000000e+00   1.0745152e-01   8.8583908e-01   6.5457236e-01   1.6541905e-01   2.6182319e-01   1.3207328e+00
   2.0000000e+00  -8.8212228e-01  -8.7304529e-01  -7.9517150e-01   1.0353870e+00  -1.4329550e+00  -2.8908200e-01
   2.0000000e+00   1.3386781e+00  -1.9968651e+00  -1.9263709e+00  -9.5287372e-01   2.3458451e-01  -7.7071096e-02
   2.0000000e+00  -6.1388440e-02  -1.3591694e+00  -1.9008968e-01   8.8350222e-01   7.0402703e-01   1.4019122e-01
   1.0000000e+00   1.2113625e+00   3.6203856e-01  -3.9812085e-01  -4.5690351e-01  -1.2059659e+00   5.3561818e-01
   2.0000000e+00   3.8065636e-01   1.6760377e+00   1.3708444e+00  -4.6728104e-01  -1.3670698e-01  -3.1090265e-03
   1.0000000e+00  -1.7581168e+00   2.0772275e-01   2.2690008e-01  -4.9618474e-01  -1.1755500e+00  -7.5413184e-01
   2.0000000e+00  -2.9112731e-01  -3.2658996e-01  -1.0315355e+00   1.0475143e+00   2.2629761e+00  -6.2391529e-01
   2.0000000e+00   6.6219876e-01   1.2971464e-01   1.2432011e+00   9.4094282e-02   1.3417657e+00   2.0270893e-01
   2.0000000e+00  -2.3905795e-01  -2.4668689e-02   8.0295437e-01   7.5008142e-01   2.9124669e-01  -1.9795510e-01
   2.0000000e+00   4.1957833e-01   2.1218494e+00   1.4416442e+00   6.9463138e-01  -7.2243470e-01   6.7141407e-01
   2.0000000e+00   3.7060153e-01   1.5443732e+00  -6.6742949e-01  -1.5135623e+00   3.4127505e-01   1.2005435e+00
   2.0000000e+00  -3.7005016e-01   8.4953344e-01   8.1977099e-01  -2.1744866e-01   6.8754320e-01   1.8054053e+00
   1.0000000e+00  -1.1889570e+00   4.7201083e-01   2.0154482e-01   8.8866077e-01   3.4084967e-01   5.3942573e-01
   2.0000000e+00  -7.6535523e-01  -5.7604216e-01   9.9282247e-02   2.9614373e+00   1.1654152e+00   8.0985152e-01
   2.0000000e+00  -7.2530660e-01   1.6602614e+00   9.1023883e-01   2.6800605e-01  -5.3188180e-01  -8.6236999e-01
   2.0000000e+00   1.1113670e+00  -6.2486118e-01   4.3889358e-01   3.1070506e-03   1.2909155e+00  -9.3620932e-01
   2.0000000e+00   1.3716132e+00   1.0740497e+00  -3.5229342e-02  -1.6053153e+00   7.9301097e-01  -1.1727619e+00
   2.0000000e+00   7.6110440e-02  -5.8462257e-01   1.6664341e+00   3.2608809e-01  -4.8929778e-01   1.4813870e+00
   2.0000000e+00  -5.5513505e-01  -1.0239632e+00  -1.0412563e+00   5.2840058e-01  -1.0486045e+00  -1.7012913e-01
   1.0000000e+00   1.1925398e-01   9.6016285e-01   4.4566748e-02   2.9199815e-02   7.3595658e-01   7.9334833e-01
   1.0000000e+00   9.8892586e-01   2.9441400e-01   7.8288317e-02  -2.8773946e-01  -3.8035432e-01   2.6724880e-01
   2.0000000e+00   1.3611694e+00  -8.2667200e-01  -1.0585869e+00   3.3830438e-02  -1.4260728e-01   1.0581187e+00
   1.0000000e+00  -1.2313996e+00   2.4845434e-01  -2.2233875e-01   6.2553902e-01   1.5560210e+00  -1.5332002e+00
   2.0000000e+00  -4.1595922e-03  -4.4257649e-01  -1.3281459e-01  -2.4934678e-01  -1.7011133e+00   2.2796187e-01
   2.0000000e+00   1.6573405e+00  -1.4011404e+00   1.0096296e+00   8.8970353e-01   5.8814713e-01   2.2597601e+00
   2.0000000e+00  -2.7289411e-01  -7.8542556e-01   4.5384793e-01   3.6133326e-01   9.5974848e-01   5.7814758e-01
   2.0000000e+00  -1.4914964e+00  -1.7743046e+00   6.9387384e-01   1.1314651e-01   8.7286375e-01   1.7957487e-01
   2.0000000e+00   2.5163334e+00  -1.2854091e+00  -6.7440274e-01  -4.8048179e-01   7.1656396e-01  -4.4020932e-01
   2.0000000e+00  -4.1433164e-01   5.0389862e-01  -1.1788169e+00  -1.6857546e-01   3.0468656e-01  -2.5278173e+00
   2.0000000e+00  -4.2286944e-01  -4.0463152e-01   2.1924501e+00  -1.7699085e-01  -5.1920999e-01  -1.3739755e-01
   2.0000000e+00  -1.4892697e-01  -1.2977342e+00  -2.4489222e-01  -1.0701068e+00   1.1152138e-01   2.7803006e-01
   2.0000000e+00  -9.0063623e-01  -2.2695410e+00   1.8964273e+00   1.2826977e+00   3.5763672e-01  -1.0144296e+00
   2.0000000e+00   8.9884062e-01   1.4198485e+00  -1.1068239e+00   8.5320002e-01   1.7359730e+00   5.4632679e-01
   1.0000000e+00  -2.0365761e+00   2.7266512e-01  -6.1398003e-02   1.1670843e+00   1.4251432e+00   7.5552721e-01
   2.0000000e+00   1.2570325e+00   1.4357848e+00   1.5083832e-01  -3.3763371e-01  -7.3645815e-01   2.2660995e+00
   2.0000000e+00  -1.0459579e+00   8.6492321e-01  -1.3351663e-01  -1.8328261e+00   1.6150078e-01  -3.2068854e-01
   2.0000000e+00  -8.5465016e-01   1.1432787e+00  -1.2469921e-01   1.1922189e-01   8.9129717e-01  -3.5022250e-01
   1.0000000e+00  -1.4338432e-01   2.4678910e-01   7.8387801e-01   9.2426493e-01   1.2618858e-01   4.3535530e-01
   2.0000000e+00   1.0366503e+00  -5.9142211e-01   3.4178177e-01   4.3779945e-01  -1.7070307e-01   4.0765814e-01
   2.0000000e+00  -9.8771195e-01  -1.6414007e+00  -4.1443616e-01   6.1398292e-01   1.9919412e-01   9.2899444e-01
   2.0000000e+00  -1.7415900e+00  -8.5952608e-01   1.2246343e-01   1.3210832e+00  -1.3902094e-01   2.2764192e+00
   2.0000000e+00  -1.4581556e+00   3.1349948e-01   1.7658352e+00   3.4356720e-01  -1.5454147e+00  -6.8666202e-01
   2.0000000e+00   3.6723288e-01   7.1769565e-01  -1.3342379e+00  -2.8919194e-01  -1.4688142e+00  -4.2780480e-01
   2.0000000e+00  -6.1980478e-01  -1.2556783e+00  -6.5987458e-01  -1.2654114e+00   5.0390470e-01   5.1262760e-01
   2.0000000e+00   3.0339577e-01   1.2418985e+00   9.6889327e-01   7.6807394e-01  -8.4949261e-01   3.7532580e-01
   2.0000000e+00  -6.5658704e-02   5.1964600e-01  -8.6268168e-01  -1.2170373e+00  -1.7898130e+00  -7.2803844e-01
   2.0000000e+00   4.3017524e-01  -1.1040215e+00  -4.0216744e-01   1.1646759e+00   3.0118444e-01   1.8434433e-01
   2.0000000e+00  -4.3474404e-02  -6.9988659e-02  -2.9297423e-02   1.3422349e-01   5.4107798e-01  -1.0343580e+00
   2.0000000e+00  -7.8762716e-01  -6.6787266e-01  -7.5720906e-01   2.3393698e+00  -1.2170908e+00   8.9376059e-01
   2.0000000e+00   6.7751417e-01   2.4261467e-01  -1.0383385e+00   7.2499355e-02   1.7769967e-01  -1.1769086e+00
   2.0000000e+00  -2.0120052e+00  -1.4850481e+00   1.0929116e+00   6.5131248e-01  -1.1424409e-01   1.7326795e+00
   2.0000000e+00   2.3235319e-01  -1.5432857e+00   9.4543327e-01   2.0762502e+00  -4.7324055e-01   4.9361597e-01
   1.0000000e+00   7.9601456e-01   3.2553670e-01  -5.4752795e-01   1.1992578e-01   1.2856603e-01   1.2134580e+00
   2.0000000e+00  -5.3854071e-01   1.1053114e+00  -7.7979650e-01   9.8761349e-01   1.4120458e+00   3.6013742e-02
   2.0000000e+00   7.3860762e-01   4.8150943e-01  -4.1973455e-01  -3.2551634e+00  -4.7707404e-01  -7.4171074e-01
   2.0000000e+00  -5.9318266e-01   1.1469134e+00  -8.0326740e-01   1.3351877e+00  -2.1315063e-01   3.9626603e-01
   2.0000000e+00  -1.7261021e+00  -6.3638263e-01  -1.0656360e+00   1.0565440e+00   3.1549364e-01  -4.4729601e-01
   2.0000000e+00   5.6261236e-02   9.7292192e-01  -1.2183650e+00   1.0197625e+00   7.4011546e-01   8.0013827e-01
   2.0000000e+00  -4.1260259e-01  -5.5802394e-01  -8.8275461e-01   7.2777544e-01  -1.9292703e+00   2.2790097e+00
   1.0000000e+00   4.6934970e-01   1.6213318e-03  -9.9225057e-01   2.0747893e-01   1.4219802e+00  -1.4198899e-01
   2.0000000e+00   7.5319254e-01   4.5066972e-01   1.8629833e+00   4.5337468e-01  -9.4573676e-01  -1.1947584e+00
   1.0000000e+00   1.2319603e-01   2.3176942e-01  -8.7815698e-01  -6.2224824e-01   1.0096486e-01  -2.8184883e-01
   2.0000000e+00   1.2319418e+00  -3.6179437e-01   8.4363275e-01   1.4439897e+00  -5.7943348e-01  -1.4363880e+00
   2.0000000e+00  -2.0244378e+00  -2.7170938e-01  -8.7870707e-01   1.0092215e-01   1.8701285e+00  -6.9591439e-01
   1.0000000e+00   9.8191525e-01   3.0770362e-01  -1.2342805e-01  -1.6029955e-01   1.7607017e+00  -9.7227474e-02
   2.0000000e+00   8.8650254e-01  -1.9440022e+00   2.6377180e-01  -3.5934915e-01   1.0876854e+00  -3.6977026e-01
   2.0000000e+00  -8.3436493e-02  -1.4183925e+00  -7.1570306e-01   1.6741987e+00  -8.8922824e-01   2.4652985e-02
   1.0000000e+00  -4.1815548e-01   9.7699053e-01  -2.1420655e-02  -6.4561724e-01   5.5828256e-01  -6.9920671e-01
   2.0000000e+00  -1.6518023e-01  -1.8708110e-01   9.1536724e-01  -4.4214396e-01  -4.8683021e-01   1.1386140e+00
   2.0000000e+00   2.6972012e-01   2.0498069e+00   3.3747267e-01   4.3056644e-01  -4.7910314e-03  -2.5695548e-01
   2.0000000e+00  -2.6091823e+00  -5.0916767e-01  -9.7744969e-01  -1.4827665e+00   9.7176116e-01  -5.9842214e-01
   2.0000000e+00   1.8500225e-01  -5.4181416e-01   1.3513150e+00  -2.4832036e-01   1.1913427e+00  -1.4395687e+00
   2.0000000e+00   5.7849518e-01  -1.1066275e+00  -6.3539105e-01  -8.5967099e-01  -2.4245831e-01   2.0876085e-01
   1.0000000e+00  -1.8131558e+00   2.3872129e-01   9.3897810e-01  -6.2274164e-01  -2.5072691e-01  -2.7568794e-05
   2.0000000e+00  -1.1786827e+00  -3.5142619e-01   1.4617052e+00  -5.5724912e-01  -8.5126978e-01   5.6747050e-01
   2.0000000e+00   1.2141183e+00  -4.6434889e-01   1.4903693e+00  -4.3161193e-01   1.4839710e+00   6.4915534e-02
   2.0000000e+00  -1.2925332e+00   5.7392836e-01  -1.8819396e+00  -1.4167147e+00   1.5913346e+00   2.0776627e+00
   2.0000000e+00  -2.4931082e+00   1.3796923e+00   6.0084065e-02  -1.1104354e+00  -1.5247954e+00  -8.1569840e-02
   2.0000000e+00  -1.3775630e-01   1.2706634e+00  -6.3214220e-01   1.6961706e+00  -6.9036394e-02   4.8759023e-01
   2.0000000e+00  -3.5868715e-03   8.4165495e-01  -1.0266636e+00   1.2396224e+00  -1.3309058e-01   1.4717694e+00
   2.0000000e+00   8.0714916e-01  -7.4998331e-01   1.4774991e+00   2.1196305e+00  -8.0960494e-02  -1.0503505e+00
   2.0000000e+00   1.6835250e+00  -3.2571001e-01   8.3655218e-01   1.4698134e-01  -1.8238558e+00   1.3761265e-01
   2.0000000e+00  -1.2720139e-01  -6.6024736e-01  -8.2861437e-01   2.4586524e+00  -7.7100468e-01  -5.8764383e-01
   1.0000000e+00   3.2462335e-02   3.1653883e-01  -6.2702422e-01  -1.2072740e+00   8.6921781e-01   1.9746965e+00
   2.0000000e+00  -5.2183455e-01  -2.2317124e+00  -6.4605818e-01   1.6537316e+00  -7.4461680e-01   4.0843458e-01
   2.0000000e+00  -1.2352482e+00   1.3446758e+00   9.9452008e-02   2.0416110e+00  -7.3958401e-01   1.3743060e+00
   1.0000000e+00  -1.6386847e-01   7.1958109e-01   7.6065509e-02   1.5452671e+00   2.6235976e-01  -4.4052203e-01
   2.0000000e+00  -5.1376469e-01  -3.1303511e-01   1.2491838e+00   3.4491497e-01   1.7658419e+00  -7.8748922e-02
   2.0000000e+00   6.1540314e-01   8.2483277e-01  -1.9729765e+00   1.3436431e-01   1.0328271e+00   1.2545212e+00
   2.0000000e+00   6.8530018e-02  -4.4555317e-01   6.1958631e-01  -2.0158414e+00   1.1741067e+00   1.9948446e-01
   2.0000000e+00   3.1231749e-01  -8.2124578e-01  -2.2842824e-01   1.1298972e-01   1.5900189e-01  -3.6373951e+00
   2.0000000e+00   9.4649183e-02  -1.8125536e+00  -7.6087605e-01  -1.6455484e+00   1.3226211e+00  -5.2421327e-01
   2.0000000e+00   1.5113302e+00   1.5040667e+00   5.2877999e-01   1.5789621e+00   1.3146701e+00   6.5782926e-01
   1.0000000e+00   7.3666320e-01   2.4475070e-01   2.0864067e-01   2.5685973e-01  -7.8858249e-01  -1.2371043e+00
   2.0000000e+00  -7.7504931e-01   6.1481121e-01  -9.4368067e-01   7.2299221e-01  -1.9977685e+00   5.1331680e-01
   1.0000000e+00  -1.3095674e-01   6.1790090e-01   7.7673455e-01  -1.4624013e+00  -3.1840852e-01  -5.4526643e-01
   2.0000000e+00  -1.9317500e+00   2.0876160e+00   7.0125636e-01  -1.6670364e+00  -1.0494953e+00   2.0266558e-01
   2.0000000e+00   2.2966005e-01  -2.9665443e-01  -4.9651327e-01  -2.7264835e-01  -2.7889449e-01   5.6447675e-01
   1.0000000e+00   1.7919389e+00   5.1416531e-01  -4.5209420e-01  -6.3775288e-01   9.9581202e-01  -1.5844008e+00
   1.0000000e+00  -1.6934745e+00   3.0442290e-01   6.2105686e-01  -1.4356152e+00  -6.3443041e-01   1.7187509e+00
   2.0000000e+00  -8.8318792e-01  -1.4649433e+00   3.7415059e-01   1.0181749e+00  -1.4587345e+00   3.0019821e-01
   2.0000000e+00  -1.6027041e+00  -9.2267318e-01   5.9502132e-01  -4.6710959e-01   3.2680031e-01   4.9482137e-01
   2.0000000e+00   4.7103463e-02  -1.5637745e+00  -6.5701824e-01   1.0987593e+00   5.2065732e-01   1.1088064e+00
   2.0000000e+00  -3.5719797e-01   7.8178239e-01  -1.0787554e+00  -3.4196596e-01  -3.8683283e-01   9.6319376e-01
   2.0000000e+00   1.6281782e+00  -4.9820670e-01  -2.9879296e+00  -3.9438820e-01  -2.6687995e-01  -2.1727590e+00
   2.0000000e+00  -5.0430433e-01  -1.2106884e+00   4.8487011e-01   7.3683780e-01   1.0005603e+00   1.3925814e+00
   2.0000000e+00   1.0241867e+00  -6.7138922e-02  -3.2056963e-01   2.4198874e+00   6.5003043e-02  -2.1459271e+00
   2.0000000e+00   1.5336369e-02  -1.0504185e-01  -1.1037732e+00  -2.0659487e+00  -3.2003765e-01  -2.4908785e-01
   2.0000000e+00   3.6826872e-01   1.7199839e+00  -2.6322256e-01   5.8355593e-01   4.5650279e-01   8.2790963e-02
   2.0000000e+00   1.3825177e+00  -6.1283982e-01   1.3323678e+00  -5.9499935e-01   5.3850642e-01   3.5187927e-01
   2.0000000e+00  -2.4739418e-01  -7.0927488e-01  -7.9636441e-01  -6.4853690e-01  -6.9531567e-01  -4.1379634e-01
   2.0000000e+00  -1.3609897e+00  -9.6382120e-01   5.6397034e-01   8.9776900e-02  -1.5575486e-01  -4.0123876e-01
   2.0000000e+00  -1.8497157e-01   1.1988642e+00   2.3270423e+00  -1.0859211e+00  -1.0706174e+00   3.4231216e-01
   2.0000000e+00  -1.5495340e+00  -7.8881885e-01  -1.0075290e+00  -3.9080865e-02  -1.1497475e-01   1.3511952e+00
   2.0000000e+00   6.8169081e-01   1.3000278e+00   5.4894703e-01   6.0878795e-01  -2.2511808e+00  -2.5319957e-01
   2.0000000e+00   5.2642583e-01   1.5115897e+00   6.7178342e-01  -4.6426818e-01   9.5160600e-01   3.8811639e-02
   2.0000000e+00  -1.5681905e+00   1.4339165e+00   1.4006409e-01   7.8216883e-01   2.0956337e+00   3.6293002e-01
   2.0000000e+00   1.7723941e+00  -2.0847630e-01  -2.0012779e-01   4.2316438e-01  -1.1903246e-01  -3.9088284e-01
   2.0000000e+00  -3.7822729e-01   1.6447856e+00   6.2111152e-01  -1.2286715e+00   8.3592256e-01   1.7694390e-01
   2.0000000e+00  -2.6111944e+00  -3.4312087e-01  -1.0609254e+00  -2.3228065e-01  -1.1546206e+00   9.6370441e-01
   2.0000000e+00  -7.3890453e-01   8.5067084e-01  -5.6688119e-01   9.2888693e-02   1.3189849e+00  -8.1678764e-01
   2.0000000e+00  -1.4097753e+00  -5.4998839e-01   2.4048316e+00   8.8755925e-01  -2.6449390e-01   1.3090874e+00
   2.0000000e+00  -6.6398472e-01   2.6698802e-01  -1.2115969e+00  -2.7561527e-01   1.1562727e-01  -1.2848873e+00
   2.0000000e+00   2.4177919e-01   1.3875069e+00  -6.7958779e-01   1.5383197e+00  -1.3568268e+00   1.1657678e+00
   2.0000000e+00  -1.0944480e-01   1.2326458e+00   4.4561658e-01  -4.9992479e-01   1.5883322e-01  -2.5998788e-01
   2.0000000e+00   4.7965017e-01  -2.8742388e-01  -1.1291184e+00  -2.5384467e+00   1.2813845e+00   9.1623022e-01
   2.0000000e+00  -7.0304340e-01   1.4261461e+00   6.9454997e-01   2.2446976e+00  -1.5582032e+00   2.7477766e-01
   2.0000000e+00   1.9610284e+00  -7.0552530e-02   1.7608416e-01   8.0791440e-02  -1.5673902e+00  -2.2033187e-01
   2.0000000e+00   3.1531396e-01  -4.0117795e-01   3.4479460e-01   6.8753057e-01  -8.3366261e-01   3.6465983e-01
   2.0000000e+00  -1.3804269e+00  -2.5008493e-01  -1.4025526e+00  -4.4405929e-02   1.9377176e+00  -1.4898466e+00
   2.0000000e+00   8.6009041e-01  -2.5634108e-01   1.8325314e-01  -2.3380322e-02  -7.0672453e-01  -1.1311647e+00
   2.0000000e+00  -8.5390321e-01  -7.3156253e-01   7.7719003e-01  -2.0748106e+00   4.4093729e-02   1.1648573e+00
   2.0000000e+00  -1.4026577e+00  -2.4351972e-01   2.7593896e+00   5.8247347e-01  -2.3380350e-02  -1.1644783e+00
   2.0000000e+00   6.1605939e-01  -3.7803791e-01   2.7632490e-01   3.6416451e-01  -1.6179368e+00   1.3796577e+00
   2.0000000e+00   2.2960838e-01  -5.0590374e-01  -9.3315548e-01  -9.4906373e-01   4.6590787e-01  -8.2920417e-01
   2.0000000e+00  -9.4263669e-02  -7.4298189e-01  -1.0487820e+00  -3.7302415e-01  -2.0882201e+00   1.2532294e-02
   1.0000000e+00  -2.3522722e+00   3.4651406e-01  -1.9140579e-01   2.2780500e-01  -2.2198023e+00   1.5126110e+00
   2.0000000e+00  -9.8784684e-02  -3.7815740e-01  -1.6163949e-01  -1.0152744e+00   5.6279925e-01  -7.1743719e-02
   2.0000000e+00   1.2689228e+00   1.5305793e+00   1.3487054e+00   1.9698050e+00   1.1556306e+00  -4.4433370e-01
   2.0000000e+00   1.2759519e-02  -8.0832163e-01  -4.2290029e-02   9.5222338e-01   6.7817283e-01   1.2188097e+00
   2.0000000e+00  -1.1156274e+00  -2.5228450e-01   1.4631500e+00  -1.0482300e+00   1.5971589e+00  -9.8332473e-01
   1.0000000e+00   1.3672031e+00   7.2439924e-01  -3.0055703e-01  -1.0458747e+00  -5.7229135e-01   1.4215390e-01
   2.0000000e+00   4.6948645e-01  -3.4682263e-01   4.5981620e-01   1.0436286e+00  -6.7393340e-01   1.6138133e+00
   2.0000000e+00   3.8747443e-01   7.7226477e-01   8.9182621e-01  -1.6422128e+00  -3.4649104e-01   3.5089570e-02
   1.0000000e+00  -1.1099956e-01   2.1430597e-01  -6.0790012e-01  -5.3905758e-01  -2.3837346e+00  -1.1022099e+00
   2.0000000e+00  -7.0925670e-01  -3.0540077e-01  -6.5151301e-01  -1.1196589e+00  -4.8727787e-01   5.2183478e-01
   2.0000000e+00  -4.5344448e-01  -1.8512664e+00   3.6726099e-01   1.3484320e+00   4.5476618e-01   6.3889549e-01
   2.0000000e+00  -8.2744282e-01   1.1237757e+00   1.6116636e-01  -1.9447120e+00  -2.5927697e-02  -1.2317138e-01
   2.0000000e+00  -4.6418040e-01  -3.4843234e-01   9.6159743e-01  -7.8879528e-01   1.5532950e-01   1.7432558e+00
   2.0000000e+00  -9.9433501e-01  -1.3041770e+00  -2.3349604e-01   6.6889995e-01  -5.8081345e-02  -7.0267225e-01
   2.0000000e+00  -3.9071015e-01   7.6744898e-01   1.2680113e+00  -7.8751645e-01  -5.4769680e-01   1.0472355e+00
   2.0000000e+00   1.9853112e-01   1.1687185e+00   3.9292530e-01   2.3184789e-01   6.3939744e-01  -6.1108983e-01
   2.0000000e+00  -5.1461974e-01  -1.2318003e-01   1.5880345e+00   7.1661877e-01   3.2878594e-01   4.9023262e-01
   1.0000000e+00  -4.4416846e-01   2.5525219e-01   1.3955552e-03   1.0644197e+00   4.6621397e-02  -6.6849212e-01
   2.0000000e+00  -1.2117638e+00  -2.5209104e-01  -8.0631150e-01  -9.1283615e-01   1.0883425e-01  -4.4434403e-01
   2.0000000e+00  -7.2950176e-01   8.1148200e-01   1.3044620e+00   6.3972472e-01   1.5303776e-01  -1.1718633e+00
   2.0000000e+00  -3.8746354e-01   3.3563529e+00  -8.8076427e-01   1.5736106e-01   1.9573534e+00   3.5088741e-01
   2.0000000e+00  -1.4688020e+00   1.4950229e+00   3.3388924e-01  -6.2431354e-01   6.1724281e-01  -1.4744888e-01
   1.0000000e+00  -2.3774625e-01   8.7306813e-01  -2.3730424e-01   2.5594096e-01  -7.8372238e-01   4.3655302e-01
   2.0000000e+00   5.9837064e-01   1.3684241e+00  -3.2263813e+00   1.8251706e-01  -1.6953128e-01   8.3383330e-02
   2.0000000e+00  -1.4082104e+00  -1.1226994e+00   6.5424004e-01  -1.8833437e-02  -1.0262022e+00  -2.6722437e-01
   2.0000000e+00   3.7440753e-01  -8.2465918e-01  -7.5868087e-01   1.4892618e-01   6.5548753e-01  -1.6934411e-01
   1.0000000e+00   1.5577072e+00   3.5804054e-01   4.2752227e-01   4.4657779e-01   9.2639256e-01  -6.8867700e-01
   2.0000000e+00  -1.9752946e-01  -3.7025590e-01   1.8178041e-01  -7.2939030e-02  -1.4366889e+00   1.0820932e-01
   1.0000000e+00   4.9021204e-01   8.4603743e-01  -4.8941612e-01   3.1963270e-01  -9.9572755e-01  -8.4134687e-01
   1.0000000e+00  -1.1094934e+00   7.3169225e-02  -1.3629554e-01   9.3704754e-01  -1.4727379e+00   8.5856693e-01
   2.0000000e+00   6.2986132e-01  -1.7329221e+00   1.3260771e+00   1.3469066e+00   6.6605036e-01   8.3977594e-01
   2.0000000e+00  -1.9043899e+00  -1.5382539e-02   3.6669404e-01   1.4393541e-01   1.2374169e+00   9.6233032e-01
   1.0000000e+00   1.8563046e+00   4.4859183e-01   9.9864863e-02  -4.8870674e-01   6.7611197e-01   1.0763058e-01
   2.0000000e+00  -1.9676045e+00   7.5915767e-01  -9.5631367e-01  -4.3206671e-01   4.1208727e-02  -6.9302397e-01
   2.0000000e+00   7.2385743e-01   1.7250933e+00  -6.9385533e-01  -4.5987298e-01   3.0769536e-01  -6.9129351e-02
   2.0000000e+00  -8.8463544e-02   1.8982342e-01   1.1922285e+00   3.5853344e-01  -2.0974929e+00   3.0659847e-01
   2.0000000e+00   4.8195178e-01  -1.5357586e+00   9.2031756e-02  -1.8015989e-01  -4.6342407e-01   8.5012655e-01
   2.0000000e+00   1.1398732e+00  -2.3433679e+00  -6.1001087e-01   1.1743954e+00  -7.6732134e-02   9.8089069e-01
   2.0000000e+00  -1.7453976e-01  -5.7578617e-01  -2.0485258e+00  -9.0482826e-01   5.4681955e-02  -2.0607213e+00
   1.0000000e+00  -5.1068484e-01   4.6536449e-01   5.6112614e-01  -1.0488669e+00  -4.0263053e-01  -1.0873593e+00
   2.0000000e+00  -1.0218844e+00  -2.3608494e-01  -7.4976911e-01  -3.5396440e-01  -6.2271193e-02   8.8635621e-01
   2.0000000e+00   1.3672113e+00   1.1032607e+00   1.6628382e+00  -1.1653736e+00   1.1232388e+00  -9.6171848e-01
   2.0000000e+00  -2.2505419e-01  -2.2484236e+00  -1.8364700e+00  -1.2841172e-01  -6.2538522e-01  -2.3439787e+00
   2.0000000e+00  -1.4497278e+00  -7.8659737e-01   1.1210453e+00  -6.0075636e-01  -1.3520412e+00  -9.1239384e-01
   1.0000000e+00   8.4395901e-01   5.0585019e-01  -3.6519444e-01  -8.7468563e-01  -5.0973500e-01   5.3367176e-01
   2.0000000e+00   7.9633992e-01  -1.8193842e+00  -7.9879002e-01   7.1728261e-01   8.9465408e-01  -4.4405216e-02
   2.0000000e+00  -3.8135467e-01  -6.5936652e-01  -1.8055458e-02   2.1947729e-01  -1.1121061e+00   4.0524184e-01
   1.0000000e+00   1.6853720e-01   7.0909485e-02  -3.4500665e-01  -2.5736198e-01   1.1977160e+00  -5.3572927e-03
   2.0000000e+00  -1.2204782e-01   6.0983936e-02  -2.5629628e+00   7.4515347e-01  -1.5128667e-01   1.0634120e+00
   2.0000000e+00   3.8312918e-01   8.4301841e-01   8.4368812e-01   2.1237354e-01   4.9760268e-02  -7.4823118e-01
   2.0000000e+00   1.1064091e+00   1.2421982e+00   1.1315963e+00  -5.0596485e-01  -1.1872770e+00   1.6036354e+00
   2.0000000e+00  -1.2087871e+00  -1.8316992e+00   6.5226724e-01  -5.5432485e-01   2.5279924e-01   6.1766256e-01
   2.0000000e+00   1.0566045e+00   5.3505401e-02   1.1213030e+00   1.2465826e+00   4.1585376e-01  -3.0540843e-01
   2.0000000e+00   7.9694987e-01   1.2052825e-01  -1.0950276e+00  -1.0667363e+00  -6.4885154e-02  -1.0194000e+00
   2.0000000e+00  -5.3629408e-01  -5.2136336e-01   5.2288082e-01  -5.9984777e-01   5.4600734e-01   1.1131155e+00
   2.0000000e+00   1.8205408e+00   3.1040151e-02   1.0037339e+00  -1.1625405e-01  -1.1398146e+00   1.5626852e+00
   2.0000000e+00   9.3737155e-01  -1.7294021e+00   3.0741882e-01   1.3313887e+00   3.5383949e-01   3.7873789e-01
   2.0000000e+00  -9.6938678e-01  -1.1600031e-02   1.2931666e+00   1.0853868e-01  -1.1266332e+00  -8.5064632e-01
   1.0000000e+00  -1.9439750e-01   4.3853645e-02   8.8634267e-01  -1.3868214e+00   1.1840159e+00  -9.9995228e-01
   1.0000000e+00   8.7315461e-01   7.5419014e-01   3.7064290e-01  -7.3074446e-01  -7.0486622e-01  -1.2261261e-01
   2.0000000e+00  -4.0013122e-01  -7.2605722e-01   1.7204672e+00   2.7385247e-01  -1.9298581e+00  -6.5626185e-01
   2.0000000e+00  -1.4895619e-01   9.0825203e-01   8.8920223e-01  -3.7187366e-01   1.5083397e-01  -1.1298178e+00
   1.0000000e+00   4.1796838e-01   6.1350886e-01   3.9355008e-01   1.1684140e+00   1.4452567e+00  -6.5877564e-01
   2.0000000e+00   6.4908476e-01  -8.0365148e-01   1.0145062e+00  -7.3938705e-01  -8.8733884e-01   1.5214891e+00
   2.0000000e+00   9.3790421e-01  -8.6226139e-01  -3.3269045e-01   1.8853894e-01   4.1505690e-01   1.4389108e+00
   2.0000000e+00  -7.8617416e-01  -1.1451614e+00   2.8831875e-01   7.5519773e-01   5.7702758e-01   1.2756167e+00
   2.0000000e+00  -1.1433237e+00  -6.1365769e-01   2.0713729e-01   1.0530407e+00  -4.5313346e-01   1.2608432e-02
   2.0000000e+00   8.7309376e-01  -2.6608904e+00   2.7952273e-01   6.5426110e-01   1.7807818e+00  -2.0437661e+00
   2.0000000e+00   1.2560430e+00  -2.1804216e-01  -2.3816441e-01  -1.2209485e+00   5.0035461e-01  -1.7621165e+00
   2.0000000e+00   2.1983778e+00   3.9871797e-01  -1.6874195e+00  -1.8893829e+00   4.7478638e-01   4.0972408e-01
   2.0000000e+00   4.3038272e-01  -3.9181994e-02  -4.0484048e-01  -9.2934611e-01  -9.3499920e-01  -9.6593245e-01
   2.0000000e+00  -1.3020706e+00   1.4004985e+00   1.8516497e+00   4.9992952e-01  -8.1919343e-01   2.1222127e+00
   2.0000000e+00  -8.2525016e-01  -7.5383628e-01  -3.3578377e-01  -9.7364627e-01  -4.2446724e-01   1.8572761e-01
   2.0000000e+00  -1.3852766e+00   1.3577553e+00  -3.9835827e-01  -1.1329738e+00  -4.4537050e-01  -2.2608650e+00
   2.0000000e+00   5.4044097e-01  -1.2600249e+00   1.3284791e+00  -3.3826860e-01   1.4544180e+00   8.8690689e-01
   2.0000000e+00   2.4999625e-01   1.3037943e+00  -1.9002419e+00  -1.4532640e-01   9.0781598e-01   7.9914925e-01
   2.0000000e+00   8.3800437e-01   5.9401863e-01  -3.4573857e+00   9.1014123e-01  -1.7526382e+00  -1.1667147e+00
   1.0000000e+00   4.6078099e-02   1.5555034e-01  -4.3929653e-01   2.3871395e-01  -5.2044308e-01   2.3007136e+00
   1.0000000e+00  -4.1546248e-01   2.3566019e-01  -5.4159796e-01  -1.2938420e-01   7.9441708e-01   5.3333759e-01
   2.0000000e+00   7.5063000e-01   3.9519784e-02  -1.5350269e+00  -2.1778727e+00   1.6323825e+00  -9.7426072e-01
   2.0000000e+00   3.3280347e-01  -1.9179688e-01   1.0564500e+00   1.9518786e-02   8.4149751e-01   1.8186102e-01
   2.0000000e+00  -2.6098480e-01   2.3946026e-01  -1.1807922e+00   7.7979928e-01  -5.3815342e-01   9.1164217e-01
   2.0000000e+00   9.1219869e-01   9.5136857e-01   1.9912900e+00   8.4701067e-01   3.5678885e-01   5.5730434e-01
   1.0000000e+00  -6.3655449e-01   5.6966685e-01   5.9839534e-01   9.9768800e-01  -9.4132138e-02   7.6165744e-01
   2.0000000e+00   2.4645714e+00  -2.4035062e-01  -2.5503667e+00   7.0042392e-01  -1.0336119e-02  -4.7025166e-01
   1.0000000e+00  -4.0923637e-01   6.2621680e-02   3.8430657e-01  -7.5425705e-01  -1.7491170e+00  -3.5445514e-01
   2.0000000e+00   6.8615962e-01  -4.5508836e-02  -1.8012545e+00  -1.0526443e+00  -3.4621353e-02   9.8667189e-01
   2.0000000e+00   7.5575614e-01  -3.6622730e-01   2.0839026e-01  -6.4760063e-01  -3.4314744e-01  -1.2963935e-01
   1.0000000e+00   2.0501170e-01   7.0438983e-01  -3.2322237e-01  -7.3657314e-01  -8.6067084e-01   2.0858190e+00
   2.0000000e+00   7.6235085e-01  -7.0506195e-01  -3.6210776e-03   1.5496534e-01  -8.0485154e-01  -3.5595600e-01
   2.0000000e+00   1.2571194e-01   1.6645990e+00   1.3883516e+00   1.4444331e+00  -2.4735625e-01  -1.8562677e+00
   2.0000000e+00   1.0437826e-01   6.5150484e-01   1.3894890e+00  -8.4540046e-01  -2.7312357e-01   3.6508750e-02
   2.0000000e+00   9.4933068e-01   1.5273558e+00  -1.8179206e+00   3.2132027e-03   4.5056343e-01  -1.3023243e+00
   1.0000000e+00   1.2616790e-01   2.5392907e-01   4.5062396e-01   7.6402855e-03   3.1116404e-01   2.2722839e-01
   2.0000000e+00   1.1018439e+00   7.4333803e-02  -1.3505949e+00   1.1287886e-01   5.7759108e-01   7.3739063e-01
   2.0000000e+00  -6.5253820e-01  -6.0719402e-01   3.8949866e-01   1.6317652e-01   2.3566739e+00   1.5941800e+00
   2.0000000e+00  -3.1075382e-01   6.6768028e-01   1.0849995e+00  -1.1589301e+00   1.0485818e+00  -1.4931330e-01
   2.0000000e+00   9.2511642e-01   1.0888229e+00   1.5135244e+00   4.6308722e-01  -1.0276858e-02  -4.7438155e-01
   2.0000000e+00  -3.2140444e-01  -7.2138425e-01  -3.9603950e-01  -6.7642961e-01  -1.1811602e+00   9.2536232e-01
   2.0000000e+00  -9.6385549e-03   4.6488737e-02  -1.5619252e+00  -8.9522010e-01   2.3842697e-01   1.8063078e+00
   2.0000000e+00   1.4033618e+00  -2.8927568e-01   1.2756053e+00   7.1239444e-01   8.2685262e-02   4.8448722e-02
   2.0000000e+00  -4.4663674e-02  -6.9437844e-01  -2.7224801e-01  -7.2665687e-02   4.3034556e-01  -9.8962225e-01
   2.0000000e+00   6.1140743e-01  -4.4197896e-01  -7.6265536e-01  -2.0005737e+00   1.4377756e+00  -1.2969137e+00
   1.0000000e+00   5.9063554e-01   4.0104988e-01  -5.7582853e-01  -7.0024179e-01   1.7158220e+00   2.5105592e-02
   1.0000000e+00  -3.6085237e-01   5.3095648e-01   5.4045624e-01  -6.7107961e-01  -9.0502562e-01   1.3397018e+00
   2.0000000e+00   1.1337714e+00  -1.0785996e-01   1.6006533e+00   2.9715456e-01   9.2202919e-01   5.1118290e-01
   2.0000000e+00  -9.7596739e-02  -2.6851960e+00  -3.7922894e-01  -9.6638094e-01  -1.9792001e-01  -6.9652514e-01
   2.0000000e+00  -1.4743954e+00  -1.4866753e+00  -1.1608824e+00  -8.8536229e-02  -6.4796284e-01   7.2606504e-01
   1.0000000e+00  -3.2013787e-01   8.4568351e-01   1.4624260e-01   7.2733699e-01  -4.8274660e-01   5.1195609e-01
   1.0000000e+00   1.4779941e+00   7.1092921e-01  -5.0494769e-01  -1.9310842e-01  -5.9288512e-01  -1.0701854e+00
   2.0000000e+00  -7.7550410e-01  -1.1169047e+00  -8.4798276e-01   6.8044316e-01   7.5661765e-02  -9.3360309e-01
   1.0000000e+00   1.3827248e-01   8.6393537e-01   3.5476020e-01   9.6091988e-01   2.3001237e-01   4.2870288e-01
   1.0000000e+00   6.0860479e-03   7.9294118e-01   2.2446268e-01   8.0585818e-01   4.2667957e-01   6.1083253e-01
   2.0000000e+00  -1.3704509e-01  -3.7122885e-02  -1.8548591e-01   7.3875730e-01  -5.1175006e-01   3.1788805e-01
   2.0000000e+00  -9.8101032e-01  -2.7976990e-01  -8.0442854e-02   8.4941644e-01   7.7414735e-01  -1.6319340e+00
   2.0000000e+00   2.4743843e-01  -7.6272541e-01   7.1024419e-01  -1.0175077e+00  -6.3314167e-01  -5.2932884e-01
   2.0000000e+00   1.8522973e-01  -4.2206568e-01   1.0003492e+00   4.7025449e-01  -1.3030599e+00   6.1327576e-01
   2.0000000e+00  -1.5472680e+00  -1.1214543e+00   1.1043534e+00  -1.9970779e+00  -2.0597361e+00  -1.2654719e+00
   2.0000000e+00   1.6612036e+00   1.5678985e+00   1.4911322e+00  -5.1784098e-01   1.8226083e-01   9.2526424e-01
   1.0000000e+00  -3.9892783e-01   3.5969677e-01   6.9330564e-01   5.5496368e-01   1.3490102e+00  -5.5431844e-02
   2.0000000e+00  -3.2041807e-01  -1.1282434e+00   5.2073893e-02  -8.5299146e-01   8.5705693e-01   7.4267740e-01
   2.0000000e+00  -4.8836508e-01   9.6534087e-01  -3.4642075e-01   8.2485411e-01   6.6110442e-01  -1.0465568e-01
   2.0000000e+00   8.2779820e-02  -5.0693221e-01  -7.2001707e-01  -2.0086026e-02   5.5159968e-01   1.6341050e+00
   2.0000000e+00  -1.2717789e+00   1.0885496e+00   1.2656813e+00  -1.2547327e+00  -3.0975230e-01   1.1612063e+00
   2.0000000e+00   5.8383957e-01  -8.4261004e-01   7.8067806e-01  -4.2447232e-01  -1.3048256e+00   6.3936677e-01
   2.0000000e+00  -1.1761991e+00   6.1285870e-01   1.2073874e+00  -1.0833489e-02   1.0510395e+00  -2.5403605e-01
   2.0000000e+00   6.2175068e-02   1.4740758e+00  -1.8758041e+00  -9.5789379e-01  -2.0385965e-01  -3.2077206e+00
   2.0000000e+00   1.4917856e+00   1.1093722e+00   1.7025850e+00   1.8925857e+00   6.8253790e-01  -2.1672644e+00
   2.0000000e+00   3.3694330e-01   2.6713223e+00   3.4943761e-01   9.4408188e-01  -4.1024288e-01  -1.0436113e+00
   2.0000000e+00  -1.4426871e+00   1.2680966e+00  -1.0887496e+00   2.0616017e+00   1.7883712e+00   1.5303010e-02
   2.0000000e+00  -8.7845425e-01  -2.2944197e-01  -1.3927779e+00  -8.8781246e-01   1.1956441e+00  -6.8413059e-02
   2.0000000e+00  -4.0707719e-01  -5.7121544e-01  -2.5364977e+00  -1.2748688e+00   2.3805634e+00   3.6577359e-02
   2.0000000e+00  -5.1686967e-02  -5.0413072e-01   1.1402680e+00   6.5359323e-01   5.7497914e-01  -8.3286100e-01
   2.0000000e+00  -5.8574553e-02  -6.9738097e-01  -7.7577736e-01  -9.5342319e-01   5.5891424e-01  -1.8445616e-01
   2.0000000e+00  -8.1370349e-02  -4.1832129e-01  -8.9588721e-02  -6.3548125e-02  -2.9021975e-01   1.1527021e+00
   2.0000000e+00   5.3315763e-01   1.5199304e-01   3.9912202e-01  -2.1510042e+00  -3.1947183e+00  -2.0455591e-01
   2.0000000e+00  -8.7007195e-01  -9.7604957e-01   7.3839984e-01  -4.5222200e-01  -1.6956057e+00   4.1198601e-01
   2.0000000e+00  -2.1437823e+00  -8.9427865e-01  -1.7257912e+00  -5.8396566e-01  -4.1237985e-01  -8.2760014e-01
   2.0000000e+00  -1.7642397e-01  -1.8302453e+00   2.2953960e-01  -3.8908882e-01  -2.7502827e-01  -1.1668258e+00
   2.0000000e+00  -6.8255578e-01  -7.1404998e-01  -6.7763966e-01  -9.3747281e-01  -1.3300598e+00   5.2274688e-01
   2.0000000e+00  -9.6168711e-02   1.0257973e+00   3.1008867e-01  -2.0023598e-01   1.5413148e-01   2.3153268e+00
   2.0000000e+00  -6.8572060e-01  -1.7030148e+00  -2.6120316e-01   1.3431300e+00  -7.4949337e-01   3.8887767e-01
   2.0000000e+00   1.4815200e+00  -2.5797457e-01  -1.1657041e+00  -1.1362021e+00   1.8460191e+00  -7.5367297e-01
   2.0000000e+00   1.1177798e+00   1.9736837e+00   2.8372540e-01   3.0881412e-01   3.4840086e-01   1.5542115e+00
   2.0000000e+00   3.7067924e-01  -1.5811912e-01  -9.3837921e-01   1.2190237e-01  -2.3646857e-01  -2.2476974e+00
   2.0000000e+00   1.0046034e+00  -6.3755655e-01   1.7797884e+00   9.8182105e-01  -2.9152720e-01   6.4289354e-01
   2.0000000e+00   1.4473168e+00  -1.7082681e+00  -1.9490061e-01  -5.5431196e-02  -1.3032035e+00   2.9757284e+00
   1.0000000e+00  -2.0756220e+00   5.1176305e-02  -5.6069644e-01   1.3309510e-02  -8.4831759e-01   4.1943062e-01
   2.0000000e+00  -2.8542361e+00  -1.0936695e+00  -7.5541611e-03   4.4782320e-01  -5.5119665e-01  -1.8664185e+00
   2.0000000e+00   1.7462873e+00   3.2656836e-02   1.6338262e+00   1.3604582e+00  -2.4717240e-01  -7.2069283e-01
   2.0000000e+00  -5.4307961e-01  -9.1795131e-01   3.9676999e-01   1.1706070e+00   1.1228689e+00  -3.6881649e-02
   2.0000000e+00  -1.6734897e+00   1.0277574e+00   5.9145264e-01  -1.3908507e+00   4.3653335e-01   4.8028611e-01
   2.0000000e+00  -3.1731655e-01  -2.3825908e-01  -8.4724868e-01   7.8368625e-01  -2.6788024e+00   5.1739203e-01
   2.0000000e+00   5.6668605e-01   6.1456929e-01  -1.0847858e+00   2.3569126e-01  -1.1801860e+00   1.4283282e-01
   2.0000000e+00  -1.1504691e-01   5.9029889e-01   8.9989578e-01  -1.2892032e+00   7.1228159e-01   1.3896692e+00
   1.0000000e+00   3.5190402e-01   4.0785962e-01   3.9964741e-01   1.1534025e+00   5.7758379e-01   5.9178308e-01
   2.0000000e+00   1.6539504e+00   5.3094649e-01  -9.4530470e-01  -3.6023783e-01   1.5845651e+00  -4.7236742e-01
   2.0000000e+00  -8.3339329e-01  -8.9892374e-01   1.4194415e+00  -1.2337377e+00   1.2368969e+00  -1.0559426e+00
   2.0000000e+00   1.7660130e+00  -1.5788305e-01  -1.8072925e+00   6.7477175e-01  -1.1060769e+00  -2.0374069e+00
   2.0000000e+00   8.1133604e-01  -1.3296604e+00   5.4477184e-01   7.2759596e-01   9.5558733e-03  -2.3961438e-03
   1.0000000e+00   5.7849898e-01   3.6800479e-01   2.5973696e-01  -9.4440735e-01   4.5935005e-01   2.0118969e+00
   2.0000000e+00  -8.0837261e-01  -3.0544758e-01  -7.3596914e-01  -4.5338619e-01  -1.2687971e+00  -1.1063742e+00
   2.0000000e+00   1.0409700e+00   2.2704865e-01  -2.1994050e+00   1.1558256e+00   5.7543291e-01  -1.0974774e+00
   2.0000000e+00  -1.1737200e+00  -7.8263412e-01  -4.5406883e-01   1.3532450e+00  -2.7070892e-01   8.9944259e-01
   2.0000000e+00   2.6206630e-01  -2.1836278e-01  -6.3817494e-01   2.9557614e-01  -2.1227168e-01   1.5842729e-01
   2.0000000e+00   9.2397791e-01   1.9222871e+00   7.6525863e-01   8.2576439e-01  -1.0342002e+00   4.4180141e-01
   2.0000000e+00   9.5797129e-01   8.2690114e-01  -5.9364647e-01   1.3100965e+00   4.6579915e-01  -1.7956968e-01
   2.0000000e+00   4.7108486e-01   1.2170851e+00  -6.2359377e-01   1.2413550e+00  -2.4238712e-01  -6.7846129e-01
   2.0000000e+00  -1.4767706e+00  -3.3420028e-02   9.0397989e-01   4.6505502e-01   1.0298948e+00   2.5942546e-01
   1.0000000e+00   3.5448061e-01   9.3780980e-02   2.3497682e-01  -1.7630624e+00   2.0416117e-01   6.3984429e-01
   1.0000000e+00  -2.8291347e-01   5.7732780e-02   5.7583926e-01   3.8016782e-01   2.1195472e+00  -6.4792358e-01
   2.0000000e+00   3.7901397e-01   1.1914112e+00  -8.8080745e-01   3.0031449e+00  -1.1969720e+00   5.3783504e-01
   2.0000000e+00   1.7740835e+00   5.3394650e-01   1.3575273e+00   1.8253843e-02  -8.0576688e-01   7.9159223e-01
   2.0000000e+00   3.4098883e-01  -6.4896956e-01   3.5153232e-01  -4.2260077e-01   2.6626829e+00  -1.0142594e+00
   2.0000000e+00   9.6524379e-01  -3.3415720e-01   9.4625443e-02  -9.8521646e-01  -9.1511485e-01  -8.4968639e-01
   2.0000000e+00  -5.9863242e-01   1.6546934e+00   5.6894193e-01  -7.9437089e-01  -1.4245824e+00   1.9862146e+00
   2.0000000e+00   3.0834041e-01  -1.1232654e+00   8.7973572e-02  -1.8021183e+00   2.9231713e-01  -2.9304942e-01
   2.0000000e+00  -6.3619480e-01  -2.1933506e-01  -1.7232001e+00  -2.0435687e+00  -5.1136931e-01   1.9260198e+00
   1.0000000e+00  -1.1889707e+00   5.0830621e-02  -7.5419319e-01   7.0704036e-02   1.0579256e+00   1.4518943e+00
   2.0000000e+00   4.2584702e-01   1.1690950e+00   2.6805656e-01  -4.4816109e-01   1.6607619e-01   2.3328595e+00
   2.0000000e+00  -7.5206626e-01   1.1727595e+00  -4.7252415e-01   1.3656485e+00   1.3091171e+00   3.7850649e-01
   2.0000000e+00   3.6970848e-01  -6.0678588e-02  -6.6710481e-01  -1.7132691e-01   1.1696096e+00  -2.8349372e+00
   2.0000000e+00  -8.7864532e-01  -6.8878146e-01   5.0908250e-01   4.5614582e-01   3.2500822e-02   5.2319976e-02
   2.0000000e+00   4.8716802e-01  -1.5731401e+00   2.1976014e+00   2.3235872e-01   1.7557618e+00   1.9393069e-01
   1.0000000e+00  -1.5914765e+00   7.4667215e-02   2.6712598e-02   7.7400021e-01   9.0520474e-02  -1.1451393e+00
   2.0000000e+00  -1.2997283e-01  -1.3526333e+00   8.3479487e-01  -5.0206330e-01  -4.3329220e-01   1.3003485e+00
   2.0000000e+00   6.9361973e-01   1.8150622e+00   1.7639765e-01   7.4072141e-01  -1.3579203e-02   7.3276647e-01
   1.0000000e+00  -7.1867886e-01   1.8982010e-01   1.6082087e-01  -4.1596957e-01   3.9613952e-01   4.1310686e-01
   1.0000000e+00   1.9703604e+00   5.4176486e-01  -6.2751876e-01  -4.2036050e-01   1.1802854e+00   7.8657027e-01
   1.0000000e+00   1.0516863e+00   2.1789875e-01  -1.8714614e-01  -8.9909491e-02  -1.5271548e-01  -2.9036989e-01
   2.0000000e+00  -1.2360793e+00  -7.2392750e-01   1.0088057e+00  -5.7235818e-01  -6.6139602e-01   5.4076376e-01
   1.0000000e+00  -1.5148525e+00   4.4899104e-01   6.9521692e-01  -5.8934627e-02  -1.0914983e+00  -2.5902674e-01
   2.0000000e+00  -4.2431570e-01  -4.1994898e-01  -1.0180952e+00  -1.0052639e+00  -1.6829130e+00   7.6944134e-01
   2.0000000e+00  -3.2719216e-01   1.6659035e+00  -4.7741471e-01  -7.0158239e-01   8.7582447e-01  -1.4330256e+00
   1.0000000e+00  -1.2577565e+00   8.8052871e-01  -2.4932734e-01   6.0339802e-01  -2.0914640e+00   7.3240604e-02
   2.0000000e+00   2.0423073e-01   9.7077527e-01   1.0149986e+00  -5.5049075e-01   1.6717399e+00  -2.0189653e+00
   2.0000000e+00  -2.4183079e-01  -1.8899150e+00   1.0327157e+00   5.4326104e-01  -1.3616145e+00  -1.2865706e+00
   2.0000000e+00   1.8194495e+00   6.4937758e-02  -1.8542472e+00  -1.0263775e+00  -1.2843196e-01   6.0600657e-01
   2.0000000e+00  -1.8009146e+00  -1.5015720e+00  -2.1125470e-01  -1.0162464e+00  -1.7574496e+00   8.6131452e-01
   2.0000000e+00  -6.5193816e-01  -9.8857390e-02   3.2024961e-01   1.2486638e-01   1.2226492e+00  -2.1275844e-01
   2.0000000e+00  -5.7452820e-02   1.7806462e+00  -6.3000774e-01  -1.0508514e+00  -1.1241107e+00  -1.9508675e+00
   2.0000000e+00   1.4408779e+00   4.5235318e-01   1.2124740e+00  -7.8548534e-01   7.0325021e-01   3.7470424e-01
   2.0000000e+00   2.1578559e-01   3.4308014e-01   1.6485406e+00  -1.0349191e+00   5.3771198e-01  -6.2998513e-01
   2.0000000e+00  -8.2759662e-02   1.5962209e+00   1.3770106e+00   1.2673471e+00  -5.4335744e-01   3.4459174e-01
   2.0000000e+00   2.4461640e-01  -5.4274751e-01  -8.4691282e-01  -9.0054325e-02  -9.1729178e-01  -3.2127533e-01
   2.0000000e+00   2.8757442e-01  -1.7736094e+00   6.8448958e-01  -4.3990271e-01  -1.1537469e+00  -2.7072189e-01
   2.0000000e+00  -1.9201487e-01  -1.5537758e-01   1.0205252e+00   6.9300349e-01  -8.2771534e-02   1.7412847e+00
   2.0000000e+00   8.7429395e-01   1.0703228e+00   1.5048999e+00  -6.5769135e-01   6.2654891e-01   3.5482597e-01
   2.0000000e+00  -2.9681351e-01  -1.3504826e+00   3.2660798e-01   4.6063200e-01   5.7894199e-01  -8.0234575e-03
   2.0000000e+00   8.0073171e-01  -4.2949168e-01   1.7305789e-02   4.0931559e-01   1.6805995e-02   2.3671761e+00
   2.0000000e+00   8.1190749e-01   3.8094417e-01  -1.6777022e+00  -5.9536224e-01  -1.5638734e+00  -1.5306227e+00
   1.0000000e+00  -8.4793335e-01   4.8384774e-02  -8.2960623e-01  -2.4539160e-01  -1.1426934e+00  -1.1638450e+00
   2.0000000e+00  -5.1603151e-01   5.1903895e-01   1.1801710e+00  -4.4898396e-01   1.0688894e+00  -1.2113105e+00
   2.0000000e+00   5.7078306e-02   1.9226663e+00   9.0236622e-01   3.3201212e-01   1.1439257e-01   1.2503549e+00
   2.0000000e+00  -1.3170961e+00  -6.6136500e-01  -6.1778556e-01   1.6732643e-01   4.5301714e-02   2.3530084e-01
   2.0000000e+00   7.4394992e-01  -3.9067360e-01   3.0280476e+00  -2.0868397e-01  -6.5163719e-01   5.0896298e-01
   2.0000000e+00   7.6591742e-01   7.8134160e-01   7.7990435e-01   1.5203466e-01  -1.4143390e+00   4.1447958e-01
   1.0000000e+00  -4.7761362e-01   2.5763075e-01  -4.7891449e-01  -8.9757606e-01   5.0532764e-01  -3.1040349e-01
   2.0000000e+00  -2.0189353e+00   9.9550711e-01   2.5152752e+00   7.0081846e-01  -1.1576970e+00  -6.1622710e-01
   2.0000000e+00  -2.9531315e-02   1.2869309e+00  -3.8292050e-01   2.9196736e-01   1.6921448e+00  -1.1858634e+00
   2.0000000e+00   2.3065955e-01  -1.3588511e+00  -2.3293472e-01  -4.9223274e-01  -3.1049962e-01  -1.1059667e+00
   2.0000000e+00  -1.2174428e+00  -2.3227668e-01  -4.0736164e-01  -4.8285261e-01   8.8182529e-02  -6.4746626e-01
   2.0000000e+00  -1.5186183e+00   6.6906782e-01  -2.0189375e+00  -7.4827957e-01  -9.4280701e-02  -9.0100108e-01
   1.0000000e+00   4.2401589e-01   3.9143574e-01   6.4618309e-03  -3.6028684e-01   1.0437750e+00   1.7815794e+00
   1.0000000e+00   2.0148970e-01   5.8363033e-01  -5.8540362e-01   2.1181788e-01  -8.9163760e-01  -1.2718850e+00
   2.0000000e+00   5.5151599e-01   1.5701958e-01   1.0474380e+00   3.8643577e-01  -1.0708343e+00  -6.7444600e-01
   2.0000000e+00  -6.2718665e-01  -1.1383216e+00   5.0969728e-01   2.9663290e-01  -1.8059726e+00  -2.4163710e+00
   2.0000000e+00  -2.5175368e+00   2.6712825e-01  -1.4817515e+00   1.0977374e+00  -1.8335319e-01   6.9587667e-01
   1.0000000e+00  -3.1491663e-02   3.8556487e-01   3.8140531e-01  -1.3220837e-01   4.1450788e-01  -1.7172586e-01
   2.0000000e+00  -1.0712634e+00  -9.2388785e-01   7.4064272e-01   2.5312317e-01   9.4144076e-01  -6.4796500e-01
   2.0000000e+00   1.8497027e+00   7.8835480e-01  -3.3785186e-01  -2.5324895e+00   4.4594516e-01   1.0524266e+00
   2.0000000e+00   1.2477416e+00   3.2448405e+00   9.3100762e-01  -1.8598125e-01  -1.1614155e+00   1.9192167e+00
   2.0000000e+00   1.0039188e+00  -1.0895651e+00  -1.6330634e-01  -1.0530914e-01  -1.8061699e+00  -3.5578879e-01
   2.0000000e+00  -1.3117866e-02  -1.7933566e+00   1.2723630e+00  -1.7976638e-01  -1.2913350e+00   1.2738768e+00
   2.0000000e+00  -4.1205336e-02  -9.4855139e-02  -3.3685423e-01   2.8958715e+00  -8.4732928e-01  -4.8413041e-01
   2.0000000e+00   7.3878942e-01   3.4956766e-01   5.8056472e-01   2.0884943e+00  -8.6591633e-01   8.6321470e-01
   2.0000000e+00  -5.8237539e-01  -8.1419452e-01   7.0814000e-02  -8.9872622e-01   1.2213624e+00   1.5088537e+00
   2.0000000e+00  -9.3521827e-01  -6.0062451e-01  -3.6016425e-01  -8.1195590e-01  -5.4783707e-01   1.0723582e+00
   2.0000000e+00   4.8961960e-01   1.0268613e+00   3.7725259e-01  -9.5791046e-01   7.0501484e-01   1.1690632e+00
   2.0000000e+00  -1.2659614e+00  -3.0973517e-01   6.8875185e-02  -2.8310415e+00   1.2252783e+00   1.6914905e-01
   2.0000000e+00  -1.0121839e-01  -1.0783690e+00   1.0614604e+00  -1.3193413e+00  -1.1425584e+00   1.9435183e+00
   2.0000000e+00   8.4027308e-01   1.4613402e+00   4.8656946e-01   2.6715143e-01   1.2830488e+00   9.0171536e-01
